0	train	1,1,0,0,1,0
1	train	0,0,0,0,1,0
2	train	0,1,0,0,0,0
3	train	0,0,0,1,0,0
4	train	0,0,1,0,0,0
5	train	0,0,1,0,0,0
6	train	1,0,0,0,0,1
7	train	0,0,1,0,0,0
8	train	0,0,0,1,0,0
9	train	0,1,0,0,0,0
10	train	0,0,0,1,0,0
11	train	0,0,0,1,0,0
12	train	0,1,0,0,0,0
13	train	0,1,0,0,0,0
14	train	1,0,0,0,0,0
15	train	1,1,0,0,0,0
16	train	1,0,0,1,0,1
17	train	0,1,0,1,0,0
18	train	0,0,0,1,0,0
19	train	1,1,0,0,0,0
20	train	0,0,0,1,0,0
21	train	0,0,1,0,0,0
22	train	0,0,0,1,0,0
23	train	0,1,0,0,0,0
24	train	1,0,0,0,0,0
25	train	0,0,1,0,0,0
26	train	1,0,1,0,0,1
27	train	0,0,0,1,0,0
28	train	0,1,0,0,0,0
29	train	1,0,0,1,0,0
30	train	1,0,0,0,0,1
31	train	1,0,0,0,1,0
32	train	0,0,1,0,0,0
33	train	0,0,1,0,0,0
34	train	1,1,0,0,0,0
35	train	1,0,0,0,0,0
36	train	0,0,0,0,1,1
37	train	0,0,0,0,0,1
38	train	0,1,0,0,0,0
39	train	0,0,0,1,0,1
40	train	0,0,0,1,0,0
41	train	0,0,0,0,0,1
42	train	1,0,0,0,0,0
43	train	1,0,0,0,0,1
44	train	1,0,0,0,0,0
45	train	1,0,1,0,0,0
46	train	0,0,1,0,0,0
47	train	1,1,0,1,0,0
48	train	0,1,0,0,0,0
49	train	1,1,0,0,0,0
50	train	0,0,1,0,0,0
51	train	1,0,0,1,0,1
52	train	0,1,0,0,0,0
53	train	0,0,1,0,0,0
54	train	1,0,0,0,0,1
55	train	1,0,0,0,0,0
56	train	1,0,0,0,0,0
57	train	1,0,0,0,0,0
58	train	1,0,0,1,1,1
59	train	1,0,0,0,0,0
60	train	1,0,0,0,0,0
61	train	1,0,0,0,0,0
62	train	1,0,0,0,1,0
63	train	0,0,1,0,0,0
64	train	1,0,0,0,1,1
65	train	0,0,0,1,0,0
66	train	0,0,1,0,0,0
67	train	1,0,0,0,0,1
68	train	1,0,0,0,1,1
69	train	1,1,0,0,0,0
70	train	0,0,0,1,0,0
71	train	0,0,1,0,0,0
72	train	0,1,0,0,0,0
73	train	0,0,1,0,0,0
74	train	1,0,0,0,0,0
75	train	1,0,0,0,0,1
76	train	0,0,0,1,0,0
77	train	0,0,1,0,0,0
78	train	1,0,0,0,0,0
79	train	1,0,0,0,0,0
80	train	0,0,0,0,0,1
81	train	1,1,0,0,0,0
82	train	1,0,0,0,1,0
83	train	0,0,0,1,0,0
84	train	0,0,0,1,0,0
85	train	0,0,0,1,0,1
86	train	0,0,1,0,0,0
87	train	0,1,0,0,0,0
88	train	1,0,0,0,1,0
89	train	1,1,0,0,0,0
90	train	0,1,0,0,0,0
91	train	0,0,1,0,0,0
92	train	1,0,0,0,0,1
93	train	0,0,0,1,0,0
94	train	1,0,0,1,0,1
95	train	0,1,1,0,0,0
96	train	0,0,0,0,1,0
97	train	1,0,0,1,0,0
98	train	1,1,0,0,0,0
99	train	1,0,0,0,0,0
100	train	1,0,0,0,0,0
101	train	1,0,0,0,0,0
102	train	0,0,0,0,0,1
103	train	1,0,0,0,0,0
104	train	0,0,0,0,0,1
105	train	0,1,0,0,0,0
106	train	1,0,0,0,0,0
107	train	1,0,0,0,0,0
108	train	0,0,0,1,0,0
109	train	1,0,0,0,0,1
110	train	1,0,0,0,0,1
111	train	0,0,1,0,0,1
112	train	1,0,0,0,0,0
113	train	0,0,0,0,1,0
114	train	1,1,0,0,0,1
115	train	0,0,0,0,1,0
116	train	1,0,1,0,0,0
117	train	1,0,0,0,1,0
118	train	0,0,0,1,0,0
119	train	1,0,0,0,0,1
120	train	0,0,0,1,0,0
121	train	1,0,1,0,0,0
122	train	0,0,1,0,0,0
123	train	1,0,1,0,0,0
124	train	0,0,0,0,0,1
125	train	0,0,0,0,1,0
126	train	1,0,0,0,0,0
127	train	1,0,1,0,0,0
128	train	1,0,0,1,0,1
129	train	1,0,0,0,0,0
130	train	0,0,1,0,0,0
131	train	1,0,0,0,0,0
132	train	1,0,0,0,0,1
133	train	0,0,1,0,0,0
134	train	0,0,1,0,0,0
135	train	0,0,0,0,0,1
136	train	0,0,0,1,0,0
137	train	0,1,0,0,0,0
138	train	1,0,0,0,0,0
139	train	1,0,0,1,0,0
140	train	1,0,0,0,1,1
141	train	1,1,0,0,0,0
142	train	1,1,0,0,0,0
143	train	0,0,1,0,0,0
144	train	1,0,0,0,0,0
145	train	0,0,0,1,0,0
146	train	1,0,0,0,0,0
147	train	1,0,0,0,0,0
148	train	1,0,0,0,0,0
149	train	1,0,0,1,0,0
150	train	1,0,0,0,1,0
151	train	1,0,0,0,0,1
152	train	1,0,0,0,0,0
153	train	1,0,0,0,0,0
154	train	0,0,0,1,0,0
155	train	1,0,0,0,1,1
156	train	0,0,0,0,1,0
157	train	1,0,0,0,0,0
158	train	1,1,0,0,0,0
159	train	0,1,0,0,0,0
160	train	1,0,0,0,0,0
161	train	0,0,0,1,0,0
162	train	0,0,1,0,0,0
163	train	1,0,0,0,0,1
164	train	0,1,0,0,0,0
165	train	1,0,0,0,1,0
166	train	0,1,0,0,0,0
167	train	1,1,0,0,0,0
168	train	1,0,0,0,0,0
169	train	1,0,0,0,0,0
170	train	0,0,0,0,1,0
171	train	0,0,0,0,1,0
172	train	0,0,0,0,1,0
173	train	0,1,0,0,0,0
174	train	1,0,1,0,0,1
175	train	1,1,1,0,0,0
176	train	0,0,1,0,0,0
177	train	1,0,0,0,0,0
178	train	0,0,0,1,0,0
179	train	1,0,0,0,1,0
180	train	0,0,0,1,0,0
181	train	0,0,1,0,0,0
182	train	0,0,0,1,0,0
183	train	1,0,0,0,0,0
184	train	0,0,1,0,0,0
185	train	1,0,1,0,0,0
186	train	0,0,0,1,0,0
187	train	0,0,0,1,0,1
188	train	0,0,0,1,0,0
189	train	0,0,1,0,0,0
190	train	1,0,0,0,1,0
191	train	1,0,0,0,0,0
192	train	0,0,1,0,0,0
193	train	0,0,1,0,0,0
194	train	0,1,0,0,0,0
195	train	1,1,0,0,0,0
196	train	0,1,0,0,0,0
197	train	0,0,0,1,0,0
198	train	1,0,0,0,1,1
199	train	0,1,0,1,0,0
200	train	1,0,0,1,0,0
201	train	1,0,0,0,0,1
202	train	1,0,0,0,0,0
203	train	1,0,0,0,0,0
204	train	1,0,0,0,0,0
205	train	0,0,1,0,0,0
206	train	1,1,0,0,0,0
207	train	1,0,0,0,1,0
208	train	1,0,0,0,0,1
209	train	1,0,0,0,1,0
210	train	0,1,0,1,0,0
211	train	0,0,1,0,0,0
212	train	0,0,0,1,0,0
213	train	1,0,0,0,0,0
214	train	0,0,1,0,0,0
215	train	0,0,1,0,0,0
216	train	1,0,0,0,1,0
217	train	1,1,0,0,0,1
218	train	0,0,0,0,1,0
219	train	0,0,0,0,0,1
220	train	1,0,0,0,0,0
221	train	1,0,0,0,0,0
222	train	0,0,0,0,0,1
223	train	0,1,0,0,0,0
224	train	0,1,0,0,0,0
225	train	0,0,1,0,0,0
226	train	0,0,1,0,0,0
227	train	0,0,0,0,1,0
228	train	0,0,0,1,0,0
229	train	1,0,0,0,0,0
230	train	0,0,0,1,0,0
231	train	1,0,0,0,0,0
232	train	0,0,0,1,0,0
233	train	1,0,0,0,1,1
234	train	1,0,0,0,0,0
235	train	1,1,0,0,0,0
236	train	1,0,0,1,0,0
237	train	0,1,0,0,0,0
238	train	1,0,1,0,0,0
239	train	1,0,0,0,0,0
240	train	0,0,0,0,0,1
241	train	1,1,0,0,0,0
242	train	1,0,0,0,1,1
243	train	0,0,1,0,0,0
244	train	0,0,1,0,0,0
245	train	1,0,1,0,0,0
246	train	1,0,0,0,0,0
247	train	1,0,0,1,0,0
248	train	1,0,0,0,0,0
249	train	0,1,0,0,0,0
250	train	1,0,0,0,0,0
251	train	1,0,0,0,0,0
252	train	0,0,0,0,1,0
253	train	1,0,0,0,0,0
254	train	0,0,0,1,0,0
255	train	1,0,0,0,0,0
256	train	0,0,0,1,0,0
257	train	1,0,1,0,0,0
258	train	0,1,0,0,0,0
259	train	1,0,0,0,1,1
260	train	1,0,0,0,0,0
261	train	0,0,0,1,0,0
262	train	0,0,1,0,0,0
263	train	1,0,0,0,0,0
264	train	1,1,0,1,0,0
265	train	0,0,0,0,0,1
266	train	0,0,0,1,0,0
267	train	1,0,0,0,0,0
268	train	1,0,0,0,0,0
269	train	0,0,1,0,0,0
270	train	0,0,1,0,0,0
271	train	0,0,1,0,0,0
272	train	1,0,0,0,0,0
273	train	1,0,0,1,0,0
274	train	1,0,0,1,0,0
275	train	1,0,1,0,0,0
276	train	0,1,0,0,0,0
277	train	0,0,0,0,1,0
278	train	0,0,0,0,1,1
279	train	1,1,0,0,0,0
280	train	0,0,1,0,0,0
281	train	1,0,0,0,0,0
282	train	0,0,1,0,0,1
283	train	1,1,0,0,0,0
284	train	1,0,0,0,1,0
285	train	0,0,0,1,0,0
286	train	0,0,1,0,0,0
287	train	0,0,1,0,0,0
288	train	1,0,0,0,0,0
289	train	1,0,0,0,0,0
290	train	0,0,0,0,1,0
291	train	1,1,0,0,0,0
292	train	1,0,0,0,0,0
293	train	0,0,0,0,0,1
294	train	1,1,0,0,0,0
295	train	1,0,1,0,0,0
296	train	0,0,0,1,0,0
297	train	1,0,1,0,0,0
298	train	0,0,0,0,0,1
299	train	0,0,1,0,0,0
300	train	1,0,0,0,0,0
301	train	1,0,0,0,0,1
302	train	1,1,0,0,0,0
303	train	1,0,0,0,0,0
304	train	0,0,0,1,0,0
305	train	1,0,0,0,0,0
306	train	1,0,0,0,0,0
307	train	0,0,1,0,0,1
308	train	0,0,1,0,0,0
309	train	1,0,0,0,0,1
310	train	1,0,0,0,1,0
311	train	0,0,1,0,0,0
312	train	0,0,0,1,0,0
313	train	0,0,0,1,0,0
314	train	0,0,1,0,0,0
315	train	0,0,0,1,0,0
316	train	0,0,1,0,0,0
317	train	1,0,0,0,1,0
318	train	0,0,1,0,0,0
319	train	0,0,0,1,0,0
320	train	1,1,0,0,0,0
321	train	1,0,0,0,0,0
322	train	0,0,1,0,0,1
323	train	0,1,0,0,0,0
324	train	1,0,0,1,0,0
325	train	1,1,0,0,0,0
326	train	0,1,1,0,0,0
327	train	1,0,0,0,0,0
328	train	1,0,1,0,0,0
329	train	1,1,0,0,0,0
330	train	1,1,0,0,0,0
331	train	0,1,0,0,0,0
332	train	1,1,0,0,0,0
333	train	0,0,0,1,0,0
334	train	1,0,0,0,1,1
335	train	0,0,0,0,0,1
336	train	0,1,0,0,0,0
337	train	0,0,0,1,0,0
338	train	0,0,0,1,0,0
339	train	1,1,0,0,0,0
340	train	1,0,0,0,0,0
341	train	1,0,0,0,0,0
342	train	0,0,0,0,1,0
343	train	0,0,0,1,0,0
344	train	0,0,0,1,0,0
345	train	0,0,1,0,0,0
346	train	0,0,1,0,1,0
347	train	0,0,0,0,1,1
348	train	0,0,0,0,1,0
349	train	1,0,0,0,1,1
350	train	0,0,1,0,0,0
351	train	1,0,0,0,0,1
352	train	1,0,1,0,0,0
353	train	1,0,1,0,0,0
354	train	0,0,0,1,0,0
355	train	1,0,0,0,1,1
356	train	0,0,1,0,0,0
357	train	0,0,0,1,0,0
358	train	0,0,0,0,1,0
359	train	1,1,0,0,0,0
360	train	1,1,0,0,0,0
361	train	1,1,0,0,0,0
362	train	0,0,0,0,1,0
363	train	0,1,0,0,0,0
364	train	0,0,0,1,0,0
365	train	1,0,0,0,0,1
366	train	0,1,0,0,0,0
367	train	0,0,1,0,0,0
368	train	1,0,0,1,1,0
369	train	1,1,0,0,0,0
370	train	0,0,0,1,0,0
371	train	0,0,0,1,0,0
372	train	0,0,0,0,0,1
373	train	1,0,0,0,0,0
374	train	0,0,0,1,0,0
375	train	1,0,0,0,0,0
376	train	0,0,0,0,0,1
377	train	0,0,1,0,0,0
378	train	0,1,0,0,0,0
379	train	1,1,0,0,0,0
380	train	0,0,0,1,0,0
381	train	0,0,0,1,0,0
382	train	1,0,0,0,0,1
383	train	0,0,0,0,0,1
384	train	1,0,0,0,0,1
385	train	1,1,0,0,0,0
386	train	0,0,0,0,1,0
387	train	0,0,1,0,0,0
388	train	1,1,0,0,0,0
389	train	0,0,0,1,0,0
390	train	0,1,1,0,0,0
391	train	1,0,0,0,0,0
392	train	1,0,0,0,0,1
393	train	0,0,0,0,0,1
394	train	0,0,0,0,1,0
395	train	1,0,0,0,0,1
396	train	0,1,0,1,0,0
397	train	0,1,0,0,0,0
398	train	1,0,0,1,0,1
399	train	1,0,0,1,0,0
400	train	1,0,0,0,0,0
401	train	1,1,0,0,0,0
402	train	1,0,0,0,0,0
403	train	0,0,0,1,0,0
404	train	0,1,0,0,0,0
405	train	0,0,1,0,0,0
406	train	1,1,0,0,0,0
407	train	0,0,1,0,0,0
408	train	1,0,0,0,0,0
409	train	0,0,0,0,1,0
410	train	1,0,0,0,0,0
411	train	1,0,1,0,0,0
412	train	1,0,0,0,0,1
413	train	0,0,0,1,0,0
414	train	0,0,0,1,0,0
415	train	1,0,0,0,0,0
416	train	1,0,0,0,0,0
417	train	0,0,1,0,0,0
418	train	0,0,0,1,0,0
419	train	0,0,0,1,0,0
420	train	1,0,0,0,0,0
421	train	0,1,0,0,0,0
422	train	0,0,1,0,0,0
423	train	1,0,0,1,0,0
424	train	1,0,0,0,0,0
425	train	0,0,1,0,0,0
426	train	0,1,0,0,0,0
427	train	1,1,0,0,0,0
428	train	0,0,0,1,0,0
429	train	1,0,0,0,1,0
430	train	0,0,0,0,0,1
431	train	0,1,0,0,0,0
432	train	1,0,0,1,0,0
433	train	1,0,0,0,0,0
434	train	0,1,0,0,0,1
435	train	0,0,1,0,0,0
436	train	1,0,0,0,1,0
437	train	1,0,0,1,1,0
438	train	0,0,0,0,1,0
439	train	0,1,0,0,0,0
440	train	0,0,0,1,0,0
441	train	1,0,0,0,0,1
442	train	0,0,1,0,0,0
443	train	0,0,0,0,1,0
444	train	0,0,1,0,0,0
445	train	0,0,0,1,0,0
446	train	0,0,0,0,1,0
447	train	0,0,0,1,0,0
448	train	0,1,0,0,0,0
449	train	1,0,0,0,0,0
450	train	0,1,0,0,0,1
451	train	1,0,0,0,0,1
452	train	0,0,1,0,0,0
453	train	0,0,0,0,0,1
454	train	1,0,0,0,0,0
455	train	1,0,1,0,0,0
456	train	1,0,0,0,0,0
457	train	1,0,1,0,0,1
458	train	1,0,0,0,1,1
459	train	0,0,0,0,1,0
460	train	0,1,0,0,0,0
461	train	1,0,0,0,0,0
462	train	1,0,1,0,0,0
463	train	1,1,0,0,0,0
464	train	0,1,0,1,0,0
465	train	1,0,0,0,0,0
466	train	1,1,0,0,0,0
467	train	0,0,0,1,0,0
468	train	0,0,0,0,1,0
469	train	1,0,0,0,0,0
470	train	0,0,0,1,0,0
471	train	1,1,0,0,0,0
472	train	0,0,0,0,0,1
473	train	0,0,0,0,0,1
474	train	0,0,0,1,0,0
475	train	0,0,1,0,0,0
476	train	0,1,0,0,0,0
477	train	0,0,0,0,0,1
478	train	1,0,0,0,0,0
479	train	0,1,0,0,0,0
480	train	0,0,0,0,0,1
481	train	0,0,1,0,0,0
482	train	1,0,0,1,0,0
483	train	1,0,0,0,0,0
484	train	0,0,0,1,0,0
485	train	1,0,1,0,0,0
486	train	1,0,0,1,0,0
487	train	0,0,0,1,0,0
488	train	0,1,0,0,0,0
489	train	0,0,1,0,0,0
490	train	0,0,1,0,0,0
491	train	1,1,0,0,0,0
492	train	0,0,0,1,0,0
493	train	0,0,0,1,0,0
494	train	0,0,0,0,0,1
495	train	1,0,0,0,1,0
496	train	0,0,0,1,0,0
497	train	1,0,0,0,1,0
498	train	0,0,1,0,0,0
499	train	1,0,0,0,1,0
500	train	0,1,1,0,0,0
501	train	0,0,0,1,0,0
502	train	0,0,0,0,1,0
503	train	1,0,0,0,1,0
504	train	1,0,0,0,0,0
505	train	0,0,1,0,0,0
506	train	1,0,0,0,0,0
507	train	0,0,1,0,0,0
508	train	1,0,0,0,1,0
509	train	1,0,0,0,1,1
510	train	1,1,0,1,0,0
511	train	0,0,1,0,0,0
512	train	0,0,1,0,0,0
513	train	0,0,0,1,0,1
514	train	1,0,0,1,0,0
515	train	1,0,0,0,0,0
516	train	1,0,0,0,1,0
517	train	0,0,0,1,0,0
518	train	0,0,1,0,0,0
519	train	0,0,1,0,0,0
520	train	1,0,0,1,1,0
521	train	1,1,0,0,0,0
522	train	1,0,0,0,0,0
523	train	0,0,0,1,0,0
524	train	1,1,0,0,0,0
525	train	1,0,0,1,0,0
526	train	0,0,0,1,0,0
527	train	0,0,0,1,0,0
528	train	1,0,0,0,0,0
529	train	0,0,1,0,0,0
530	train	1,0,0,1,0,1
531	train	1,0,0,0,0,1
532	train	1,0,0,0,0,0
533	train	0,0,1,0,0,0
534	train	0,0,0,0,1,0
535	train	1,1,0,0,0,0
536	train	1,0,1,0,0,0
537	train	1,0,0,1,0,1
538	train	0,0,0,0,0,1
539	train	0,0,1,0,0,0
540	train	0,1,1,0,0,0
541	train	0,0,0,0,0,1
542	train	0,1,0,0,0,0
543	train	1,1,0,0,0,0
544	train	0,0,0,0,1,0
545	train	0,0,0,1,0,0
546	train	1,0,0,1,0,0
547	train	1,1,0,0,0,0
548	train	1,0,1,0,0,1
549	train	1,0,1,0,0,0
550	train	0,0,0,1,0,0
551	train	1,0,0,0,0,0
552	train	0,1,0,0,0,0
553	train	1,0,0,0,0,0
554	train	1,0,0,0,1,0
555	train	1,0,0,0,0,1
556	train	0,0,0,0,0,1
557	train	0,0,0,1,0,0
558	train	1,1,0,0,0,0
559	train	1,0,0,0,0,0
560	train	0,0,0,1,0,0
561	train	0,0,0,1,0,0
562	train	0,1,0,0,0,0
563	train	1,1,0,0,0,0
564	train	1,0,0,0,0,0
565	train	1,0,0,0,1,0
566	train	0,0,0,1,0,0
567	train	0,0,1,0,0,0
568	train	0,0,0,0,0,1
569	train	0,0,0,0,1,0
570	train	1,0,0,0,0,0
571	train	1,0,0,0,0,0
572	train	0,1,0,0,0,0
573	train	0,0,1,0,0,0
574	train	0,0,0,1,0,0
575	train	0,0,0,0,1,0
576	train	0,0,0,0,1,0
577	train	0,0,1,0,0,0
578	train	0,0,1,0,0,0
579	train	0,0,0,1,0,0
580	train	1,0,0,0,0,0
581	train	1,0,0,0,0,0
582	train	1,0,0,0,0,0
583	train	0,1,0,0,0,0
584	train	0,0,0,1,0,0
585	train	1,0,0,0,0,0
586	train	1,0,0,0,0,0
587	train	1,1,0,0,0,0
588	train	0,0,0,0,1,0
589	train	0,1,0,0,0,0
590	train	1,0,0,0,0,0
591	train	0,0,1,0,0,0
592	train	1,0,0,0,0,0
593	train	0,1,0,0,0,1
594	train	0,0,1,0,0,0
595	train	0,0,0,1,0,0
596	train	0,1,0,0,0,0
597	train	1,0,0,0,1,0
598	train	1,0,0,0,1,0
599	train	1,1,0,0,0,0
600	train	0,1,0,0,0,0
601	train	1,0,0,0,0,0
602	train	0,0,0,0,1,0
603	train	1,1,0,0,0,0
604	train	1,0,0,0,0,0
605	train	1,0,1,0,0,0
606	train	0,0,0,0,0,1
607	train	1,0,0,0,1,1
608	train	0,0,0,1,0,0
609	train	1,0,0,0,0,0
610	train	0,0,0,0,1,0
611	train	1,0,1,0,0,0
612	train	0,1,0,0,0,0
613	train	0,0,1,0,0,0
614	train	0,0,1,0,0,0
615	train	1,1,0,0,0,0
616	train	1,1,0,0,0,0
617	train	0,0,1,0,0,0
618	train	0,1,0,0,0,0
619	train	1,0,0,0,1,0
620	train	0,0,0,1,0,0
621	train	0,0,0,1,0,0
622	train	1,0,0,0,0,0
623	train	1,0,0,0,0,1
624	train	0,0,0,0,0,1
625	train	0,0,1,0,0,0
626	train	1,1,0,0,0,0
627	train	0,1,0,0,1,0
628	train	0,1,0,0,0,0
629	train	0,0,0,1,0,0
630	train	1,0,0,1,1,0
631	train	0,0,0,1,0,0
632	train	1,0,0,0,0,0
633	train	0,0,0,1,0,0
634	train	0,0,0,1,0,0
635	train	0,0,1,0,0,0
636	train	1,0,0,0,0,0
637	train	1,1,0,0,0,0
638	train	1,0,0,0,0,0
639	train	0,1,0,0,0,0
640	train	1,0,0,1,0,0
641	train	1,1,0,0,0,0
642	train	1,0,0,0,0,0
643	train	0,1,0,1,0,0
644	train	0,0,0,1,0,1
645	train	1,1,0,0,0,0
646	train	0,1,0,0,0,0
647	train	0,1,0,0,0,0
648	train	0,0,0,0,1,0
649	train	1,0,0,0,1,0
650	train	0,0,0,1,0,0
651	train	0,0,0,0,0,1
652	train	0,0,0,1,0,0
653	train	0,0,1,0,0,0
654	train	1,0,0,0,0,0
655	train	0,0,1,0,0,0
656	train	1,0,0,0,0,0
657	train	1,0,0,1,0,0
658	train	0,0,0,0,1,0
659	train	1,1,0,0,0,0
660	train	0,1,0,0,0,0
661	train	1,0,0,0,0,0
662	train	0,0,0,1,0,0
663	train	1,0,0,0,0,0
664	train	1,0,0,0,1,0
665	train	0,0,1,0,0,0
666	train	1,0,0,1,0,0
667	train	0,0,1,0,0,0
668	train	0,0,0,1,0,0
669	train	0,1,0,0,0,0
670	train	0,0,0,0,0,1
671	train	1,1,0,0,0,0
672	train	0,1,0,1,0,0
673	train	1,0,0,0,0,1
674	train	0,1,0,0,0,1
675	train	1,0,0,0,0,1
676	train	0,0,0,0,0,1
677	train	1,0,0,0,0,0
678	train	1,0,0,0,0,0
679	train	1,0,1,0,0,0
680	train	0,0,1,0,0,0
681	train	1,0,1,0,1,1
682	train	1,0,0,0,1,0
683	train	0,1,0,0,0,0
684	train	1,0,0,1,0,0
685	train	1,0,0,0,0,0
686	train	1,0,0,0,0,1
687	train	0,1,0,0,0,0
688	train	0,0,0,1,0,0
689	train	1,0,0,0,0,0
690	train	0,1,0,0,0,0
691	train	1,0,0,0,1,0
692	train	0,1,0,0,0,0
693	train	0,0,1,1,0,0
694	train	1,0,0,0,0,1
695	train	1,0,0,0,0,0
696	train	0,0,1,0,0,0
697	train	0,0,1,0,0,0
698	train	1,0,0,0,0,0
699	train	1,1,0,0,0,0
700	train	0,0,0,1,0,0
701	train	1,0,0,0,0,1
702	train	1,1,0,0,0,0
703	train	0,1,0,0,0,1
704	train	0,0,0,0,0,1
705	train	1,0,0,0,0,0
706	train	1,0,1,0,0,0
707	train	0,0,0,1,0,0
708	train	0,1,0,0,0,1
709	train	0,0,1,0,0,0
710	train	0,0,0,1,0,0
711	train	0,0,0,1,0,0
712	train	0,0,0,0,1,0
713	train	0,1,0,0,0,0
714	train	0,1,0,1,0,0
715	train	1,0,0,0,0,0
716	train	0,1,0,0,0,0
717	train	0,0,0,0,1,0
718	train	1,0,0,0,0,0
719	train	1,0,0,0,0,0
720	train	1,0,0,0,0,0
721	train	1,0,0,0,0,0
722	train	1,1,0,0,0,0
723	train	1,0,1,0,0,0
724	train	0,1,0,0,0,0
725	train	0,1,0,0,0,0
726	train	1,1,0,0,0,0
727	train	1,0,0,0,1,0
728	train	0,0,0,1,0,0
729	train	1,0,0,0,0,0
730	train	1,0,0,0,0,0
731	train	1,0,0,0,0,1
732	train	1,0,0,1,0,0
733	train	1,1,0,0,0,0
734	train	1,0,0,0,1,0
735	train	1,0,0,0,0,0
736	train	1,0,0,0,0,0
737	train	1,0,0,0,1,0
738	train	1,0,0,0,0,0
739	train	0,0,1,0,0,0
740	train	1,0,0,0,0,0
741	train	1,0,1,0,0,0
742	train	0,0,0,1,0,0
743	train	0,0,0,0,0,1
744	train	0,0,0,0,0,1
745	train	1,0,0,0,0,0
746	train	0,1,0,0,0,0
747	train	0,0,1,0,0,0
748	train	0,0,1,0,0,0
749	train	1,1,0,0,0,0
750	train	0,0,0,0,1,0
751	train	0,0,0,1,0,0
752	train	1,0,0,0,0,0
753	train	1,0,0,0,0,0
754	train	0,1,0,0,0,0
755	train	1,0,0,1,1,0
756	train	0,1,0,0,0,0
757	train	1,0,0,0,0,0
758	train	1,0,0,0,1,1
759	train	1,0,0,1,0,1
760	train	1,0,0,1,0,0
761	train	0,0,1,0,0,0
762	train	0,0,0,0,1,0
763	train	1,0,0,0,0,0
764	train	1,1,0,0,0,0
765	train	0,1,0,0,0,0
766	train	0,1,0,0,0,0
767	train	1,0,0,0,0,0
768	train	1,0,0,0,0,0
769	train	1,0,0,0,0,0
770	train	0,0,0,0,1,0
771	train	0,0,0,1,0,0
772	train	0,0,0,1,0,0
773	train	0,0,1,0,0,0
774	train	1,1,0,0,0,0
775	train	1,0,0,1,0,1
776	train	0,1,0,1,0,0
777	train	1,1,0,0,0,0
778	train	1,0,0,1,0,0
779	train	0,1,0,0,0,0
780	train	1,0,0,0,0,0
781	train	0,1,0,0,0,0
782	train	0,0,0,0,0,1
783	train	0,0,0,1,0,0
784	train	1,1,0,0,0,0
785	train	0,0,0,1,0,0
786	train	0,0,1,0,0,0
787	train	1,0,0,0,0,0
788	train	1,0,0,0,0,0
789	train	1,0,1,0,0,0
790	train	1,0,0,1,0,0
791	train	0,0,0,1,0,0
792	train	0,0,0,1,0,0
793	train	1,0,0,0,0,0
794	train	0,0,0,0,1,1
795	train	0,0,1,0,0,0
796	train	0,0,1,0,0,0
797	train	1,0,0,0,0,0
798	train	0,1,0,0,0,0
799	train	0,0,0,1,0,0
800	train	0,0,0,1,0,0
801	train	1,0,0,1,0,1
802	train	1,0,0,1,0,0
803	train	1,0,0,0,1,0
804	train	0,0,0,1,0,0
805	train	0,0,0,0,1,0
806	train	0,0,0,0,1,0
807	train	0,0,1,0,0,0
808	train	0,1,0,0,0,0
809	train	0,1,0,0,0,0
810	train	0,1,0,0,0,0
811	train	1,0,0,0,1,0
812	train	0,0,1,0,0,0
813	train	1,1,0,0,0,0
814	train	0,1,0,0,0,0
815	train	1,0,0,0,1,0
816	train	0,0,0,1,0,0
817	train	1,0,0,0,0,1
818	train	1,0,0,1,0,1
819	train	1,0,0,0,1,1
820	train	0,0,1,0,0,0
821	train	0,0,1,0,0,0
822	train	1,0,0,0,1,0
823	train	0,1,0,0,0,0
824	train	1,0,0,0,1,0
825	train	0,0,1,0,0,0
826	train	1,1,0,0,0,0
827	train	1,0,0,1,0,0
828	train	0,0,0,1,0,0
829	train	1,0,0,0,0,1
830	train	0,0,0,1,0,0
831	train	1,1,0,0,0,0
832	train	0,1,0,1,0,0
833	train	0,0,0,0,0,1
834	train	0,0,0,1,0,0
835	train	0,0,0,1,0,0
836	train	1,0,0,0,0,0
837	train	1,0,0,1,0,0
838	train	1,0,0,0,0,0
839	train	1,0,0,0,0,0
840	train	0,1,0,0,0,0
841	train	1,0,0,0,0,0
842	train	1,1,0,0,0,0
843	train	1,0,0,0,0,1
844	train	0,0,0,0,0,1
845	train	1,0,1,0,0,0
846	train	1,0,0,0,0,0
847	train	1,1,0,0,0,0
848	train	0,0,0,0,1,0
849	train	1,0,0,0,1,1
850	train	0,1,0,0,0,0
851	train	0,0,0,1,0,0
852	train	1,0,0,0,0,0
853	train	1,1,0,0,0,0
854	train	0,0,1,0,0,0
855	train	0,0,0,1,0,0
856	train	0,0,1,0,0,0
857	train	0,1,0,0,0,0
858	train	1,1,0,0,0,1
859	train	1,0,0,0,1,0
860	train	0,0,0,1,0,0
861	train	1,0,0,1,0,0
862	train	1,0,0,0,1,0
863	train	1,0,0,0,0,0
864	train	1,0,0,0,0,0
865	train	0,0,0,1,0,0
866	train	0,0,1,0,0,0
867	train	0,0,1,0,0,0
868	train	0,0,1,0,0,0
869	train	1,0,0,0,0,0
870	train	1,0,0,0,0,0
871	train	1,0,0,1,0,0
872	train	0,0,0,1,0,0
873	train	1,1,0,0,0,0
874	train	0,0,1,0,0,0
875	train	1,0,0,0,0,0
876	train	1,0,0,0,0,0
877	train	1,0,0,0,0,0
878	train	1,0,0,0,0,0
879	train	1,0,0,0,0,0
880	train	0,0,1,0,0,0
881	train	1,0,0,1,0,1
882	train	1,1,0,0,0,0
883	train	0,0,0,1,0,0
884	train	0,1,1,0,0,0
885	train	0,0,0,0,1,0
886	train	0,0,1,0,0,0
887	train	0,0,1,0,0,0
888	train	1,0,0,0,0,0
889	train	0,0,0,1,0,0
890	train	0,0,1,0,0,0
891	train	1,0,0,0,0,0
892	train	0,0,0,1,0,0
893	train	0,0,0,1,0,0
894	train	0,0,0,1,0,0
895	train	1,0,0,0,0,0
896	train	0,0,1,0,0,0
897	train	0,1,0,0,0,0
898	train	1,0,0,0,0,0
899	train	0,0,1,0,0,0
900	train	0,1,0,0,0,0
901	train	0,0,0,0,1,1
902	train	0,0,0,0,1,0
903	train	0,0,0,1,0,0
904	train	1,0,0,0,0,0
905	train	1,1,0,0,0,0
906	train	0,1,0,0,0,0
907	train	0,0,0,0,1,0
908	train	1,1,0,0,0,0
909	train	0,0,1,0,0,0
910	train	0,1,0,0,0,0
911	train	1,0,0,0,0,0
912	train	1,0,0,0,0,0
913	train	1,0,0,0,0,1
914	train	0,1,0,0,0,0
915	train	0,0,1,0,0,0
916	train	0,1,0,0,0,0
917	train	0,0,0,1,0,0
918	train	0,0,0,1,1,0
919	train	0,0,0,0,1,0
920	train	1,0,0,0,0,0
921	train	0,0,0,0,0,1
922	train	1,0,0,1,0,0
923	train	0,0,0,0,0,1
924	train	0,0,0,1,0,0
925	train	1,0,0,0,0,0
926	train	0,0,0,1,0,0
927	train	0,0,0,0,1,1
928	train	0,1,0,0,0,0
929	train	0,0,0,1,0,0
930	train	1,1,0,0,0,0
931	train	1,0,0,0,0,1
932	train	1,0,0,1,0,0
933	train	0,1,0,0,0,0
934	train	0,0,1,0,0,0
935	train	1,0,0,0,1,1
936	train	0,1,0,0,0,0
937	train	1,1,0,0,0,0
938	train	1,0,0,0,0,0
939	train	1,0,0,0,0,0
940	train	1,1,0,0,0,0
941	train	1,0,0,0,0,0
942	train	1,0,0,0,0,1
943	train	0,0,0,1,0,0
944	train	1,0,0,0,0,0
945	train	0,0,0,1,0,1
946	train	0,0,0,1,0,0
947	train	1,0,0,0,0,1
948	train	1,1,0,0,0,0
949	train	1,0,0,0,0,0
950	train	1,0,0,0,0,0
951	train	1,0,0,0,0,1
952	train	0,1,0,0,0,0
953	train	0,1,0,0,0,0
954	train	0,0,0,0,1,0
955	train	0,0,1,0,0,0
956	train	1,1,0,0,0,0
957	train	1,0,0,0,0,0
958	train	0,0,1,0,0,0
959	train	1,0,0,0,0,0
960	train	1,0,0,0,0,0
961	train	1,0,0,0,1,0
962	train	0,0,1,0,0,0
963	train	0,1,0,0,0,0
964	train	0,0,0,0,0,1
965	train	1,0,0,0,0,0
966	train	0,0,0,1,0,0
967	train	0,0,1,0,0,0
968	train	0,0,1,0,0,0
969	train	1,0,0,0,0,0
970	train	0,0,1,0,0,0
971	train	1,0,0,0,0,0
972	train	0,1,0,0,0,1
973	train	1,1,0,0,0,0
974	train	1,0,0,0,0,0
975	train	0,0,0,0,1,0
976	train	1,1,0,0,0,0
977	train	0,1,0,0,0,0
978	train	0,0,0,0,1,0
979	train	0,1,0,0,0,0
980	train	1,0,0,0,0,0
981	train	1,0,1,0,0,0
982	train	0,0,0,1,0,0
983	train	1,0,0,0,0,0
984	train	0,0,1,0,0,0
985	train	0,0,0,0,1,0
986	train	1,0,0,0,0,0
987	train	0,0,1,0,0,0
988	train	0,1,0,0,0,0
989	train	1,0,0,0,1,0
990	train	1,0,0,0,0,1
991	train	1,0,1,0,0,0
992	train	1,0,0,1,0,1
993	train	0,0,0,1,0,0
994	train	1,1,0,0,0,0
995	train	1,0,0,0,0,0
996	train	1,0,0,0,0,0
997	train	0,0,1,0,0,0
998	train	1,1,0,0,0,0
999	train	0,0,0,0,1,0
1000	train	0,1,0,0,0,0
1001	train	1,0,0,0,0,0
1002	train	1,0,1,0,0,0
1003	train	0,0,0,1,0,0
1004	train	0,1,0,0,0,0
1005	train	0,0,0,1,0,0
1006	train	1,1,0,0,0,0
1007	train	1,0,0,0,1,0
1008	train	1,0,1,0,0,0
1009	train	0,0,1,0,0,0
1010	train	0,0,1,0,0,0
1011	train	0,0,1,0,0,0
1012	train	0,1,0,0,0,0
1013	train	0,0,0,0,1,0
1014	train	0,0,0,0,0,1
1015	train	0,0,0,1,0,0
1016	train	0,0,0,1,0,0
1017	train	0,0,0,1,0,0
1018	train	0,0,1,0,0,0
1019	train	0,0,0,0,1,0
1020	train	1,1,1,0,0,0
1021	train	1,1,0,0,0,0
1022	train	0,0,0,1,0,0
1023	train	0,0,0,0,1,0
1024	train	1,0,1,0,0,0
1025	train	0,0,0,1,0,0
1026	train	1,0,0,0,0,0
1027	train	1,1,0,0,0,0
1028	train	1,0,0,0,0,0
1029	train	1,1,0,0,0,0
1030	train	0,0,0,1,0,0
1031	train	0,1,0,0,0,0
1032	train	0,0,0,1,0,0
1033	train	1,0,0,1,0,0
1034	train	1,0,0,0,1,0
1035	train	0,0,1,0,0,0
1036	train	0,0,1,0,0,1
1037	train	1,0,0,0,0,1
1038	train	1,0,0,0,0,0
1039	train	0,1,0,0,0,0
1040	train	1,0,0,1,0,1
1041	train	1,0,0,0,0,0
1042	train	0,0,1,0,0,0
1043	train	0,0,0,0,0,1
1044	train	0,0,0,1,0,0
1045	train	0,0,0,1,0,0
1046	train	1,0,0,0,1,0
1047	train	0,0,1,0,0,0
1048	train	0,0,0,0,1,1
1049	train	0,0,0,1,0,0
1050	train	1,0,0,1,0,0
1051	train	0,0,0,1,0,0
1052	train	0,1,1,0,0,0
1053	train	0,1,0,0,0,0
1054	train	1,1,0,0,0,0
1055	train	0,0,1,0,0,0
1056	train	0,0,0,0,0,1
1057	train	1,0,0,0,0,0
1058	train	1,0,0,0,1,0
1059	train	1,0,0,0,0,1
1060	train	0,0,0,1,0,0
1061	train	0,0,0,0,1,0
1062	train	0,0,0,1,0,0
1063	train	0,0,0,1,0,1
1064	train	0,1,0,0,0,0
1065	train	1,0,0,0,0,0
1066	train	0,1,0,0,0,0
1067	train	1,1,1,0,0,0
1068	train	1,0,0,0,0,0
1069	train	0,0,0,0,0,1
1070	train	1,0,0,0,0,0
1071	train	0,0,1,0,0,0
1072	train	0,0,0,0,1,0
1073	train	1,0,0,0,0,0
1074	train	0,0,0,1,0,0
1075	train	0,0,0,0,1,0
1076	train	0,0,0,0,0,1
1077	train	1,0,1,1,0,0
1078	train	0,1,0,0,0,0
1079	train	1,0,0,0,0,0
1080	train	0,0,1,0,0,0
1081	train	0,0,0,1,0,0
1082	train	1,0,1,0,1,0
1083	train	0,0,1,0,0,0
1084	train	0,0,1,0,0,0
1085	train	0,0,0,0,1,0
1086	train	1,1,0,0,0,0
1087	train	1,0,0,1,0,1
1088	train	1,0,0,0,0,0
1089	train	0,0,0,0,0,1
1090	train	0,1,0,0,0,0
1091	train	0,0,1,0,0,0
1092	train	0,0,0,1,0,0
1093	train	0,0,0,1,0,0
1094	train	1,1,0,0,0,0
1095	train	1,0,0,0,0,1
1096	train	0,0,1,0,0,0
1097	train	1,0,0,0,1,1
1098	train	0,1,0,0,0,0
1099	train	1,0,0,0,0,0
1100	train	0,0,1,0,0,0
1101	train	0,0,1,0,0,1
1102	train	0,0,0,1,0,0
1103	train	1,1,0,0,0,0
1104	train	0,0,0,0,0,1
1105	train	0,0,0,1,0,0
1106	train	0,0,0,1,0,0
1107	train	1,1,0,0,0,0
1108	train	1,0,0,0,1,0
1109	train	1,0,0,0,0,0
1110	train	1,0,0,0,0,0
1111	train	1,0,0,0,1,0
1112	train	0,1,0,0,0,0
1113	train	1,0,0,0,0,0
1114	train	1,0,0,0,0,1
1115	train	1,0,0,0,1,0
1116	train	0,1,0,0,0,0
1117	train	0,1,0,0,0,0
1118	train	0,1,0,0,0,0
1119	train	0,0,1,0,0,0
1120	train	1,0,0,0,0,0
1121	train	0,1,0,0,0,0
1122	train	1,0,0,0,0,0
1123	train	0,1,0,0,0,0
1124	train	1,0,0,1,0,0
1125	train	1,1,0,0,0,0
1126	train	0,0,0,1,0,0
1127	train	1,0,0,0,1,0
1128	train	0,0,1,0,0,0
1129	train	1,0,0,0,0,1
1130	train	1,0,0,0,0,0
1131	train	0,0,1,0,0,0
1132	train	1,1,0,0,0,0
1133	train	1,0,0,1,0,1
1134	train	0,0,1,0,0,1
1135	train	0,0,0,0,1,0
1136	train	0,0,0,1,0,0
1137	train	0,1,0,0,0,0
1138	train	0,0,0,0,1,0
1139	train	1,0,0,0,0,0
1140	train	0,0,0,1,0,0
1141	train	0,0,0,0,1,1
1142	train	1,1,0,0,0,0
1143	train	0,1,0,0,0,1
1144	train	0,0,0,0,0,1
1145	train	0,0,0,0,1,0
1146	train	0,1,0,0,0,0
1147	train	0,0,0,0,1,0
1148	train	0,0,0,1,0,0
1149	train	0,0,0,0,1,1
1150	train	0,0,0,1,0,0
1151	train	1,1,0,0,0,0
1152	train	1,0,1,0,0,0
1153	train	0,0,0,1,1,1
1154	train	0,0,0,0,1,0
1155	train	0,0,0,0,1,0
1156	train	1,0,1,0,0,0
1157	train	1,0,0,0,1,0
1158	train	1,0,1,0,0,0
1159	train	1,0,0,1,0,1
1160	train	0,0,0,1,0,0
1161	train	0,0,1,0,0,0
1162	train	0,0,0,1,0,0
1163	train	1,0,0,0,0,1
1164	train	0,0,0,1,0,0
1165	train	0,1,0,0,0,0
1166	train	1,0,0,0,1,0
1167	train	1,0,0,0,0,0
1168	train	1,1,0,0,0,0
1169	train	1,0,1,0,0,0
1170	train	0,0,1,0,0,0
1171	train	0,0,0,0,0,1
1172	train	1,0,1,1,0,0
1173	train	0,0,0,0,1,0
1174	train	1,0,0,0,1,0
1175	train	1,1,0,0,0,0
1176	train	0,0,0,0,0,1
1177	train	0,1,0,0,0,0
1178	train	0,1,0,0,0,0
1179	train	1,0,0,0,0,1
1180	train	1,0,0,0,0,1
1181	train	0,1,0,0,0,0
1182	train	1,0,0,0,0,0
1183	train	1,0,0,0,0,0
1184	train	0,0,0,1,0,0
1185	train	1,0,0,0,0,1
1186	train	0,0,1,0,0,0
1187	train	0,1,0,0,0,0
1188	train	1,1,0,0,0,0
1189	train	1,0,0,0,0,0
1190	train	0,0,0,0,0,1
1191	train	1,0,0,0,0,1
1192	train	1,0,0,0,0,0
1193	train	0,0,0,1,0,0
1194	train	0,0,1,0,0,0
1195	train	0,0,0,1,0,0
1196	train	1,0,0,1,0,1
1197	train	0,1,0,0,0,0
1198	train	0,1,0,0,0,0
1199	train	0,1,0,0,0,0
1200	train	1,0,0,0,1,1
1201	train	0,0,1,0,0,0
1202	train	1,0,0,0,0,0
1203	train	1,0,0,0,0,0
1204	train	0,0,0,0,0,1
1205	train	1,0,0,0,0,0
1206	train	1,0,0,0,0,0
1207	train	1,0,0,0,0,0
1208	train	1,0,0,0,0,1
1209	train	0,0,1,0,0,0
1210	train	1,0,0,0,0,0
1211	train	1,1,0,0,0,0
1212	train	0,0,1,0,0,0
1213	train	0,0,1,0,0,0
1214	train	1,1,0,0,0,0
1215	train	1,0,0,0,0,0
1216	train	0,1,0,1,0,0
1217	train	0,0,1,0,0,0
1218	train	1,0,0,1,0,0
1219	train	0,0,0,0,1,0
1220	train	1,0,0,0,0,0
1221	train	1,0,1,0,0,0
1222	train	0,0,1,0,0,0
1223	train	0,0,0,1,0,0
1224	train	0,0,1,0,0,0
1225	train	0,0,1,0,0,0
1226	train	1,0,0,1,0,1
1227	train	1,0,0,0,0,0
1228	train	1,0,1,0,0,1
1229	train	1,1,0,0,0,0
1230	train	0,0,0,1,0,0
1231	train	1,0,0,0,0,1
1232	train	1,0,0,0,0,0
1233	train	1,0,0,0,1,0
1234	train	1,0,0,0,0,0
1235	train	0,0,0,0,0,1
1236	train	0,1,0,0,0,0
1237	train	0,0,0,1,0,0
1238	train	0,0,0,1,0,0
1239	train	0,0,0,1,0,0
1240	train	1,0,0,0,0,0
1241	train	1,0,1,0,0,0
1242	train	0,0,1,0,0,0
1243	train	0,0,0,1,0,0
1244	train	1,0,0,0,1,0
1245	train	0,0,0,1,0,0
1246	train	1,0,0,0,0,0
1247	train	0,0,1,0,0,0
1248	train	1,0,0,0,0,0
1249	train	1,0,1,0,0,0
1250	train	0,0,0,1,0,0
1251	train	1,0,0,0,0,0
1252	train	0,0,0,1,0,0
1253	train	1,1,0,0,1,0
1254	train	1,0,0,1,0,0
1255	train	0,0,1,0,0,0
1256	train	1,0,0,0,0,0
1257	train	1,0,0,0,0,0
1258	train	1,0,0,0,0,0
1259	train	0,0,0,0,0,1
1260	train	1,0,1,0,0,0
1261	train	1,0,0,1,0,0
1262	train	1,0,0,1,0,0
1263	train	0,1,0,0,0,0
1264	train	1,0,0,0,1,1
1265	train	0,0,0,0,1,0
1266	train	1,0,0,0,0,1
1267	train	0,0,0,0,0,1
1268	train	1,0,0,0,0,0
1269	train	1,0,0,0,1,1
1270	train	1,0,0,0,1,0
1271	train	0,0,0,0,1,0
1272	train	1,1,0,0,0,0
1273	train	0,0,1,0,0,0
1274	train	0,0,0,1,0,0
1275	train	1,0,1,0,0,0
1276	train	0,0,0,0,0,1
1277	train	1,0,0,0,0,0
1278	train	0,0,0,0,1,0
1279	train	0,1,0,0,0,0
1280	train	1,0,0,0,0,0
1281	train	1,0,0,0,0,0
1282	train	0,0,0,1,0,0
1283	train	1,0,0,0,0,0
1284	train	1,0,1,0,0,0
1285	train	0,0,0,1,0,0
1286	train	1,0,0,0,0,1
1287	train	0,0,0,1,0,0
1288	train	1,1,0,0,0,0
1289	train	0,0,1,0,0,0
1290	train	0,0,0,0,0,1
1291	train	0,0,1,0,0,0
1292	train	0,0,1,0,0,0
1293	train	1,0,0,0,0,0
1294	train	1,0,0,0,0,0
1295	train	0,0,0,0,1,0
1296	train	0,1,0,0,0,1
1297	train	1,1,0,0,0,0
1298	train	0,0,0,1,0,0
1299	train	1,0,1,0,0,1
1300	train	0,0,0,1,0,0
1301	train	1,0,1,0,0,1
1302	train	0,1,0,0,0,1
1303	train	1,0,0,0,0,1
1304	train	1,0,1,0,0,1
1305	train	0,0,1,0,0,0
1306	train	0,1,0,0,0,1
1307	train	1,0,0,0,1,0
1308	train	1,0,0,0,1,0
1309	train	0,0,0,1,0,0
1310	train	0,0,0,1,0,0
1311	train	0,0,0,1,0,0
1312	train	1,0,0,0,0,0
1313	train	0,1,0,0,0,0
1314	train	0,1,0,0,0,0
1315	train	1,1,0,0,0,0
1316	train	0,0,0,0,1,0
1317	train	0,0,0,0,1,0
1318	train	0,0,0,0,0,1
1319	train	0,0,1,0,0,0
1320	train	0,1,0,0,0,0
1321	train	1,0,1,0,0,0
1322	train	1,0,0,0,0,0
1323	train	1,0,0,0,0,0
1324	train	0,0,0,0,0,1
1325	train	1,0,0,0,0,0
1326	train	0,0,0,1,0,0
1327	train	0,0,0,1,0,0
1328	train	0,0,0,1,0,1
1329	train	1,0,0,0,0,1
1330	train	1,0,0,0,0,0
1331	train	1,0,1,0,0,0
1332	train	1,1,0,0,0,1
1333	train	1,0,0,1,0,1
1334	train	1,0,0,0,0,0
1335	train	0,1,0,0,0,0
1336	train	1,0,0,0,0,1
1337	train	1,0,0,0,1,0
1338	train	1,0,0,0,0,0
1339	train	1,0,0,0,0,1
1340	train	0,0,0,1,0,0
1341	train	0,0,0,0,1,0
1342	train	0,0,0,1,0,0
1343	train	1,0,1,0,0,1
1344	train	0,1,0,0,0,0
1345	train	0,0,0,0,1,0
1346	train	1,1,0,0,0,0
1347	train	0,0,0,1,0,0
1348	train	1,0,0,0,0,0
1349	train	0,0,0,1,0,0
1350	train	1,0,0,0,0,0
1351	train	1,1,0,0,0,0
1352	train	0,0,0,1,1,0
1353	train	1,0,1,0,0,0
1354	train	0,0,0,1,0,0
1355	train	0,1,0,0,0,0
1356	train	1,0,0,0,1,0
1357	train	1,0,0,0,0,1
1358	train	1,1,0,0,0,0
1359	train	0,1,0,0,0,0
1360	train	0,0,0,1,0,0
1361	train	0,0,0,1,0,0
1362	train	0,0,0,1,0,0
1363	train	0,0,1,0,0,0
1364	train	0,1,0,0,0,0
1365	train	0,1,0,0,0,0
1366	train	0,0,1,0,0,0
1367	train	1,0,0,0,0,0
1368	train	0,1,0,1,0,0
1369	train	0,0,1,0,0,0
1370	train	0,1,0,0,0,0
1371	train	0,0,1,0,0,0
1372	train	1,0,0,0,0,0
1373	train	0,0,0,0,1,0
1374	train	1,0,0,0,1,1
1375	train	0,0,0,1,0,0
1376	train	0,0,0,1,0,0
1377	train	1,1,0,0,0,0
1378	train	0,1,0,0,0,0
1379	train	0,0,0,1,0,0
1380	train	1,1,0,0,0,0
1381	train	1,0,0,0,0,0
1382	train	0,0,0,0,1,0
1383	train	1,0,0,1,0,1
1384	train	1,0,0,0,0,0
1385	train	0,0,0,1,0,0
1386	train	0,0,0,1,0,0
1387	train	1,0,0,0,0,0
1388	train	1,0,0,0,1,0
1389	train	1,0,0,0,1,1
1390	train	0,0,0,0,1,0
1391	train	0,0,0,1,0,0
1392	train	0,0,1,0,0,0
1393	train	1,1,0,0,0,0
1394	train	1,0,0,0,0,0
1395	train	0,0,0,1,0,0
1396	train	0,0,0,0,1,0
1397	train	1,0,0,0,0,0
1398	train	1,0,0,0,0,0
1399	train	0,1,0,0,0,0
1400	train	0,0,0,1,0,0
1401	train	0,0,1,0,0,0
1402	train	1,0,0,0,1,0
1403	train	0,0,0,1,0,0
1404	train	0,0,0,0,0,1
1405	train	0,0,0,1,0,0
1406	train	1,0,0,1,0,0
1407	train	1,0,1,0,0,0
1408	train	0,0,0,1,0,0
1409	train	1,0,1,0,0,0
1410	train	0,0,0,1,0,0
1411	train	1,1,0,0,0,0
1412	train	0,0,0,0,0,1
1413	train	1,0,0,0,0,1
1414	train	1,0,1,0,0,0
1415	train	1,0,0,0,0,0
1416	train	1,1,0,0,0,0
1417	train	0,0,0,1,0,0
1418	train	1,1,0,0,0,0
1419	train	0,0,0,0,1,0
1420	train	0,0,1,0,0,0
1421	train	0,1,0,0,0,0
1422	train	0,0,1,0,0,0
1423	train	0,0,0,0,0,1
1424	train	0,1,0,0,0,0
1425	train	1,0,1,0,0,0
1426	train	0,1,0,0,0,0
1427	train	1,0,0,0,0,0
1428	train	1,0,0,0,0,0
1429	train	1,1,0,0,0,0
1430	train	1,0,0,0,0,0
1431	train	1,0,0,0,0,0
1432	train	0,1,0,0,0,1
1433	train	1,1,0,0,0,0
1434	train	0,0,1,0,0,0
1435	train	1,0,0,0,0,1
1436	train	0,1,0,0,0,0
1437	train	0,0,0,1,0,0
1438	train	0,0,0,0,0,1
1439	train	1,1,0,0,0,0
1440	train	1,0,1,0,0,1
1441	train	1,0,0,0,0,1
1442	train	0,0,1,0,0,0
1443	train	1,0,0,0,0,0
1444	train	1,0,0,0,0,0
1445	train	1,0,0,0,0,0
1446	train	0,0,0,0,1,0
1447	train	0,0,1,0,0,0
1448	train	1,0,1,0,0,0
1449	train	0,1,0,0,0,0
1450	train	1,0,0,0,0,0
1451	train	1,0,0,0,0,0
1452	train	1,0,0,0,0,0
1453	train	0,0,0,1,1,0
1454	train	1,1,0,0,0,0
1455	train	0,0,0,1,0,1
1456	train	1,0,0,0,0,0
1457	train	1,0,1,0,0,1
1458	train	1,0,0,0,1,1
1459	train	1,0,0,1,0,0
1460	train	1,0,0,0,1,0
1461	train	1,0,0,0,0,0
1462	train	0,0,0,1,0,0
1463	train	1,0,0,0,0,0
1464	train	1,0,0,0,0,1
1465	train	1,1,0,0,0,0
1466	train	0,0,1,0,0,1
1467	train	0,1,0,0,0,0
1468	train	1,0,0,0,0,0
1469	train	0,0,1,0,0,0
1470	train	0,0,1,0,0,0
1471	train	1,1,0,0,0,0
1472	train	0,1,0,0,0,0
1473	train	1,0,0,0,0,1
1474	train	1,1,0,0,0,0
1475	train	1,0,0,0,0,0
1476	train	0,0,1,0,0,0
1477	train	1,0,0,0,0,1
1478	train	1,1,0,0,0,0
1479	train	0,0,1,0,0,0
1480	train	0,0,0,1,0,0
1481	train	0,0,0,1,0,0
1482	train	0,0,1,0,0,0
1483	train	0,0,0,1,0,1
1484	train	1,0,0,0,1,0
1485	train	1,0,0,1,1,0
1486	train	1,1,0,0,0,0
1487	train	0,0,0,0,0,1
1488	train	1,0,0,0,0,0
1489	train	1,0,0,0,1,0
1490	train	0,0,0,1,0,0
1491	train	0,1,0,0,0,0
1492	train	0,1,0,0,0,0
1493	train	0,0,0,1,0,0
1494	train	1,0,0,0,0,0
1495	train	1,0,0,1,0,0
1496	train	0,0,1,0,0,0
1497	train	0,0,0,1,0,0
1498	train	1,0,0,0,0,0
1499	train	1,0,0,0,0,0
1500	train	0,0,1,0,0,0
1501	train	1,0,0,0,0,0
1502	train	0,0,0,1,0,0
1503	train	1,0,0,0,0,0
1504	train	1,0,0,0,0,0
1505	train	0,0,0,1,0,0
1506	train	1,0,0,0,0,0
1507	train	1,0,1,0,0,0
1508	train	1,0,0,0,1,0
1509	train	0,1,0,0,0,0
1510	train	0,0,0,1,0,0
1511	train	1,0,1,0,0,0
1512	train	0,0,1,0,0,0
1513	train	0,1,0,0,0,0
1514	train	0,0,0,1,0,0
1515	train	1,1,1,0,0,0
1516	train	0,0,0,0,1,0
1517	train	1,0,0,1,1,0
1518	train	1,1,0,0,0,0
1519	train	1,0,0,0,0,0
1520	train	1,1,0,0,0,0
1521	train	0,0,0,1,0,0
1522	train	0,1,0,0,0,1
1523	train	1,0,0,0,1,0
1524	train	1,1,0,0,0,0
1525	train	1,0,0,0,0,0
1526	train	0,1,0,0,0,0
1527	train	0,1,1,0,0,0
1528	train	1,0,1,0,0,0
1529	train	0,0,1,0,0,1
1530	train	1,0,0,0,0,0
1531	train	0,0,1,0,0,0
1532	train	0,0,0,1,0,0
1533	train	1,0,0,1,0,0
1534	train	0,0,0,0,1,0
1535	train	1,0,0,0,1,0
1536	train	0,0,0,1,0,0
1537	train	1,0,0,0,0,1
1538	train	1,0,1,0,0,0
1539	train	0,0,0,1,0,0
1540	train	1,0,0,0,0,0
1541	train	1,0,0,1,0,1
1542	train	0,1,0,0,0,0
1543	train	0,0,0,1,0,0
1544	train	1,0,0,0,0,0
1545	train	1,0,0,0,0,0
1546	train	0,0,0,1,0,0
1547	train	1,0,0,0,1,0
1548	train	1,0,0,0,0,1
1549	train	0,1,0,0,0,0
1550	train	1,0,0,0,0,0
1551	train	1,0,0,0,1,0
1552	train	1,0,1,0,0,0
1553	train	1,0,0,0,0,0
1554	train	1,0,0,1,0,1
1555	train	0,1,0,0,0,0
1556	train	0,0,1,0,0,0
1557	train	0,1,1,0,0,0
1558	train	1,0,0,1,0,0
1559	train	0,0,0,1,0,0
1560	train	0,0,1,0,0,0
1561	train	1,0,0,0,0,0
1562	train	1,0,0,0,0,0
1563	train	1,0,1,0,0,0
1564	train	1,0,0,0,1,0
1565	train	0,0,0,0,1,0
1566	train	1,0,1,0,0,0
1567	train	1,1,0,0,0,0
1568	train	1,0,0,0,1,0
1569	train	0,0,0,0,1,0
1570	train	0,1,0,0,0,0
1571	train	1,0,1,0,0,0
1572	train	1,0,0,0,0,0
1573	train	1,0,0,0,0,0
1574	train	1,1,0,0,0,0
1575	train	0,1,0,0,0,0
1576	train	1,0,0,0,1,1
1577	test	1,0,0,0,0,0
1578	test	0,0,0,1,0,0
1579	test	1,0,1,0,0,0
1580	test	1,0,1,0,0,0
1581	test	0,0,1,0,0,0
1582	test	0,1,0,0,0,0
1583	test	0,1,0,1,0,0
1584	test	0,0,0,1,0,0
1585	test	0,1,0,0,0,0
1586	test	0,0,0,1,0,0
1587	test	1,1,0,0,0,0
1588	test	0,0,0,0,0,1
1589	test	0,0,0,0,1,0
1590	test	0,0,0,1,0,0
1591	test	0,1,0,0,0,0
1592	test	1,0,0,0,0,0
1593	test	1,0,0,0,0,0
1594	test	1,0,0,1,0,0
1595	test	1,0,1,0,0,0
1596	test	1,0,0,0,0,0
1597	test	0,1,0,0,0,0
1598	test	1,1,0,0,0,0
1599	test	0,0,0,1,0,0
1600	test	1,0,0,0,0,0
1601	test	0,0,0,1,0,0
1602	test	1,0,1,0,0,0
1603	test	1,0,0,0,0,0
1604	test	0,0,0,1,0,0
1605	test	0,0,0,0,1,0
1606	test	0,0,0,0,0,1
1607	test	1,0,0,0,0,0
1608	test	1,1,0,0,0,0
1609	test	0,0,0,1,0,0
1610	test	0,0,0,0,1,1
1611	test	0,0,0,1,0,0
1612	test	0,0,0,0,0,1
1613	test	1,0,1,0,0,0
1614	test	0,1,0,0,0,0
1615	test	0,0,1,0,0,0
1616	test	1,1,0,0,0,0
1617	test	0,1,0,1,0,0
1618	test	1,0,0,0,1,0
1619	test	1,0,0,1,0,0
1620	test	1,0,0,0,0,0
1621	test	1,0,0,0,0,0
1622	test	0,1,0,0,0,0
1623	test	1,0,1,0,0,0
1624	test	1,0,0,0,0,0
1625	test	1,1,0,0,0,0
1626	test	0,0,0,1,0,0
1627	test	1,0,0,0,0,0
1628	test	0,0,0,1,0,0
1629	test	1,1,0,0,0,0
1630	test	1,0,0,0,0,0
1631	test	1,0,0,0,0,0
1632	test	0,0,0,0,1,0
1633	test	1,0,0,0,0,0
1634	test	1,0,0,1,0,0
1635	test	1,0,1,0,0,0
1636	test	1,0,0,0,0,0
1637	test	0,1,0,0,0,0
1638	test	0,1,0,0,0,0
1639	test	1,0,0,0,0,0
1640	test	0,0,1,0,0,0
1641	test	0,0,0,1,0,0
1642	test	0,0,0,1,0,0
1643	test	1,1,0,0,0,0
1644	test	1,0,0,0,0,0
1645	test	0,0,0,0,1,0
1646	test	1,0,0,0,1,0
1647	test	1,0,0,0,0,0
1648	test	0,0,0,1,0,0
1649	test	1,0,0,1,0,0
1650	test	1,0,0,0,0,0
1651	test	0,0,1,0,0,0
1652	test	1,0,0,1,0,1
1653	test	0,0,0,1,0,0
1654	test	0,0,0,1,0,0
1655	test	0,0,1,0,0,0
1656	test	1,1,0,0,0,0
1657	test	0,0,0,1,0,0
1658	test	0,0,0,1,0,0
1659	test	0,1,0,0,0,0
1660	test	1,0,0,0,0,0
1661	test	1,0,1,0,0,0
1662	test	0,1,0,0,0,0
1663	test	1,0,0,0,0,0
1664	test	1,0,0,1,0,1
1665	test	1,0,0,0,1,0
1666	test	0,0,1,0,0,0
1667	test	0,1,0,0,0,0
1668	test	1,1,0,0,0,0
1669	test	0,0,0,1,0,0
1670	test	1,0,0,1,0,0
1671	test	0,0,0,1,0,0
1672	test	1,0,0,0,0,0
1673	test	0,0,0,1,0,0
1674	test	1,1,0,0,0,0
1675	test	0,0,0,1,0,0
1676	test	1,0,0,0,0,0
1677	test	0,0,1,0,0,0
1678	test	0,1,0,0,0,0
1679	test	1,1,0,0,0,0
1680	test	1,1,0,0,0,0
1681	test	1,0,0,0,0,1
1682	test	1,0,0,0,0,0
1683	test	1,0,0,0,1,0
1684	test	0,0,1,0,0,0
1685	test	0,1,0,0,0,0
1686	test	0,0,0,1,0,0
1687	test	0,0,0,1,0,0
1688	test	0,0,0,0,1,0
1689	test	0,0,1,0,0,0
1690	test	0,1,0,1,0,0
1691	test	1,0,0,0,1,0
1692	test	1,0,0,0,0,1
1693	test	0,0,0,0,0,1
1694	test	1,0,0,0,0,0
1695	test	1,0,0,0,0,0
1696	test	0,0,0,1,0,0
1697	test	1,0,0,0,0,0
1698	test	0,0,0,1,0,0
1699	test	0,0,0,1,0,0
1700	test	1,0,0,0,0,0
1701	test	0,0,0,1,0,0
1702	test	0,0,1,0,0,0
1703	test	1,0,0,1,0,0
1704	test	0,0,0,0,1,0
1705	test	0,1,0,0,0,0
1706	test	0,1,0,0,0,0
1707	test	0,0,0,0,1,0
1708	test	0,1,0,0,0,0
1709	test	1,1,0,0,0,0
1710	test	1,0,0,0,1,0
1711	test	0,0,0,0,1,0
1712	test	0,0,0,1,0,0
1713	test	1,1,0,0,0,0
1714	test	1,0,0,0,0,0
1715	test	0,0,0,0,1,0
1716	test	0,0,0,0,1,0
1717	test	0,0,0,0,1,1
1718	test	0,0,1,0,0,0
1719	test	0,1,0,0,0,0
1720	test	1,0,0,0,0,0
1721	test	0,0,1,0,0,0
1722	test	1,0,0,0,0,0
1723	test	1,0,1,0,0,0
1724	test	1,0,0,0,0,1
1725	test	1,0,0,0,1,0
1726	test	0,1,0,0,0,0
1727	test	0,0,0,0,1,0
1728	test	0,0,0,0,1,0
1729	test	0,0,0,0,1,0
1730	test	0,0,0,1,0,0
1731	test	0,0,0,1,0,0
1732	test	1,0,0,0,0,0
1733	test	1,1,0,0,0,0
1734	test	1,0,0,0,0,0
1735	test	0,1,0,0,0,0
1736	test	1,0,0,0,0,0
1737	test	0,1,0,0,0,0
1738	test	1,0,0,0,0,0
1739	test	0,0,0,0,1,0
1740	test	1,0,0,0,0,0
1741	test	0,1,0,0,0,0
1742	test	1,0,0,0,1,0
1743	test	1,0,0,0,1,0
1744	test	1,0,0,0,1,0